#Tue Dec 06 02:30:20 EST 2016
EXIT=1
fullscreen=false
DEBUG=61
CANCEL=33
vsync=false
UP=200
MENU=18
RIGHT=205
LEFT=203
SLOT9=10
RUN=42
SLOT8=9
SLOT7=8
SLOT6=7
SLOT5=6
SLOT4=5
SLOT3=4
SLOT2=3
DOWN=208
SLOT1=2
sfx=0.9200001
CANCELTEXT=15
SLOT0=11
PAUSE=25
music=0.99000007
EDIT=62
CONFIRM=28
